timestamp_utc,stage,canonical_edge_uuid,canonical_fact,canonical_source_uuid,canonical_source_name,canonical_target_uuid,canonical_target_name,alias_edge_uuid,alias_fact,alias_source_uuid,alias_source_name,alias_target_uuid,alias_target_name,alias_episode_uuid,alias_episode_excerpt
2026-03-09T23:29:33.087754+00:00,llm_resolve,5dbd232a-c435-479e-a21f-5c87393e26b3,Market gardeners require manure.,fe1796f6-0003-46eb-be76-c4b3bd78bb68,market gardeners,861611bc-5c31-4f85-8027-b6c9b4562921,Manure,5dbd232a-c435-479e-a21f-5c87393e26b3,Market gardeners require manure.,fe1796f6-0003-46eb-be76-c4b3bd78bb68,market gardeners,861611bc-5c31-4f85-8027-b6c9b4562921,Manure,8dd10173-5957-44e5-a846-ab3ea47bd366,". In November, which is the time when the first layers are made, a market gardener has two hundred cars of manure, piled up successively in four or six millstones from June until then: this manure has"
